0.0404
0.3481
0.2275
0.0494
0.6718
0.5166
0.7590
0.9793
0.8319
0.2003
0.3034
0.6437
0.9570
0.5843
0.5652
0.0493
0.4643
0.0626
0.9451
0.0539
0.8762
0.3630
0.8794
0.5792
0.1065
0.4818
0.5164
0.5185
0.3794
0.6419
0.8754
0.7753
0.9988
0.9951
0.8512
0.2821
0.8097
0.0825
0.0431
0.2675
0.6771
0.5965
0.7713
0.0802
0.2981
0.0903
0.7014
0.4441
0.4562
0.2409
0.6796
0.9474
0.8736
0.5000
0.2004
0.2732
0.9780
0.5461
0.2198
0.2089
0.8622
0.0387
0.9788
0.0638
0.7172
0.8716
0.1173
0.3297
0.6065
0.8547
0.8332
0.6483
0.1139
0.9759
0.7869
0.8816
0.2922
0.7747
0.6952
0.3942
0.8462
0.4483
0.5931
0.1693
0.0889
0.4509
0.4860
0.2097
0.4397
0.7488
0.3507
0.6808
0.8573
0.1525
0.5820
0.7519
0.6306
0.5167
0.5475
0.1393